1	0.0000	0.0000	0.0000	1.0000		
1	0.0000	0.0000	0.0000	1.0000		
1	0.0000	0.0000	0.0000	1.0000		
1	0.0000	0.0000	0.0000	1.0000		
1	0.0000	0.0000	0.0000	1.0000		
1	0.0000	0.0000	0.0000	1.0000		
1	0.0000	0.0000	0.0000	1.0000		
1	0.0000	0.0000	0.0000	1.0000		
1	0.0000	0.0000	0.0000	1.0000		
1	0.0000	0.0000	0.0000	1.0000		
1	0.0000	0.0000	0.0000	1.0000		
1	0.0000	0.0000	0.0000	1.0000		
1	0.0000	0.0000	0.0000	1.0000		
1	0.0000	0.0000	0.0000	1.0000		
1	0.0000	0.0000	0.0000	1.0000		
1	0.0000	0.0001	0.0100	0.9899		
1	0.0000	0.0000	0.0000	1.0000		
1	0.0000	0.0000	0.0000	1.0000		
1	0.0000	0.0000	0.0000	1.0000		
1	0.0000	0.0000	0.0000	1.0000		
1	0.0000	0.0000	0.0000	1.0000		
1	0.0000	0.0000	0.0000	1.0000		
1	0.0000	0.0000	0.0000	1.0000		
1	0.0000	0.0000	0.0000	1.0000		
1	0.0000	0.0000	0.0000	1.0000		
1	0.0000	0.0000	0.0000	1.0000		
1	0.0000	0.0000	0.0000	1.0000		
1	0.0000	0.0000	0.0000	1.0000		
1	0.0000	0.0000	0.0000	1.0000		
1	0.0000	0.0000	0.0000	1.0000		
1	0.0000	0.0000	0.0000	1.0000		
1	0.0000	0.0000	0.0000	1.0000		
1	0.0000	0.0000	0.0000	1.0000		
1	0.0000	0.0000	0.0000	1.0000		
1	0.0000	0.0000	0.0000	1.0000		
1	0.0000	0.0000	0.0000	1.0000		
1	0.0000	0.0000	0.0000	1.0000		
1	0.0000	0.0000	0.0000	1.0000		
1	0.0000	0.0000	0.0000	1.0000		
1	0.0000	0.0000	0.0000	1.0000		
1	0.0000	0.0000	0.0000	1.0000		
1	0.0000	0.0000	0.0000	1.0000		
1	0.0000	0.0000	0.0000	1.0000		
1	0.0000	0.0000	0.0000	1.0000		
1	0.0000	0.0000	0.0000	1.0000		
1	0.0000	0.0000	0.0000	1.0000		
1	0.0000	0.0000	0.0000	1.0000		
1	0.0000	0.0000	0.0000	1.0000		
1	0.0000	0.0000	0.0000	1.0000		
1	0.0000	0.0000	0.0000	1.0000		
1	0.0000	0.0000	0.0000	1.0000		
1	0.0000	0.0000	0.0000	1.0000		
1	0.0000	0.0000	0.0000	1.0000		
1	0.0000	0.0000	0.0000	1.0000		
1	0.0000	0.0000	0.0000	1.0000		
1	0.0000	0.0000	0.0000	1.0000		
1	0.0000	0.0000	0.0000	1.0000		
1	0.0000	0.0000	0.0000	1.0000		
1	0.0000	0.0000	0.0000	1.0000		
1	0.0000	0.0000	0.0000	1.0000		
1	0.0000	0.0000	0.0000	1.0000		
1	0.0000	0.0000	0.0000	1.0000		
1	0.0000	0.0000	0.0000	1.0000		
1	0.0000	0.0000	0.0000	1.0000		
1	0.0000	0.0000	0.0000	1.0000		
1	0.0000	0.0000	0.0000	1.0000		
1	0.0000	0.0000	0.0000	1.0000		
1	0.0000	0.0000	0.0000	1.0000		
1	0.0000	0.0000	0.0000	1.0000		
1	0.0000	0.0000	0.0000	1.0000		
1	0.0000	0.0000	0.0000	1.0000		
1	0.0000	0.0000	0.0000	1.0000		
1	0.0000	0.0000	0.0000	1.0000		
1	0.0000	0.0000	0.0000	1.0000		
1	0.0000	0.0000	0.0000	1.0000		
1	0.0000	0.0000	0.0000	1.0000		
1	0.0000	0.0000	0.0000	1.0000		
1	0.0000	0.0000	0.0000	1.0000		
2	0.0000	0.2738	0.7200	0.0062		
2	0.0004	0.2763	0.7201	0.0032		
2	0.0030	0.2717	0.7200	0.0054		
2	0.0041	0.2756	0.7200	0.0003		
2	0.0043	0.2684	0.7230	0.0043		
2	0.0009	0.2787	0.7200	0.0004		
2	0.0016	0.2692	0.7233	0.0060		
2	0.0008	0.2692	0.7200	0.0100		
2	0.0000	0.2800	0.7200	0.0000		
2	0.0019	0.2664	0.7244	0.0072		
2	0.0002	0.2788	0.7200	0.0009		
2	0.0092	0.2629	0.7211	0.0067		
2	0.0002	0.2784	0.7214	0.0000		
2	0.0000	0.2800	0.7200	0.0000		
2	0.0000	0.2800	0.7200	0.0000		
2	0.0000	0.2772	0.7200	0.0028		
2	0.0007	0.2690	0.7198	0.0105		
2	0.0001	0.2782	0.7200	0.0017		
2	0.0020	0.2760	0.7200	0.0021		
2	0.0069	0.2668	0.7200	0.0064		
2	0.0000	0.2798	0.7200	0.0002		
2	0.0006	0.2700	0.7245	0.0049		
2	0.0000	0.2782	0.7200	0.0018		
2	0.0015	0.2662	0.7034	0.0290		
2	0.0004	0.2796	0.7200	0.0000		
2	0.0082	0.2615	0.7199	0.0104		
2	0.0002	0.2730	0.7200	0.0068		
2	0.0000	0.2800	0.7200	0.0000		
2	0.0000	0.2800	0.7200	0.0000		
2	0.0002	0.2750	0.7200	0.0048		
2	0.0000	0.2800	0.7200	0.0000		
2	0.0000	0.2800	0.7200	0.0000		
3	0.0006	0.9657	0.0173	0.0164		
3	0.0081	0.9294	0.0398	0.0227		
3	0.0123	0.9491	0.0180	0.0206		
3	0.0028	0.9598	0.0264	0.0110		
3	0.0028	0.9436	0.0219	0.0317		
3	0.0038	0.9569	0.0217	0.0176		
3	0.0043	0.9468	0.0201	0.0288		
3	0.0028	0.8736	0.1130	0.0105		
3	0.0049	0.9636	0.0165	0.0151		
3	0.0047	0.9312	0.0178	0.0463		
3	0.0052	0.9547	0.0280	0.0121		
3	0.0092	0.9390	0.0274	0.0244		
3	0.0046	0.9636	0.0213	0.0105		
3	0.0036	0.9656	0.0191	0.0117		
3	0.0059	0.9365	0.0190	0.0385		
3	0.0026	0.9506	0.0254	0.0214		
3	0.0057	0.9664	0.0151	0.0128		
3	0.0022	0.9767	0.0121	0.0090		
3	0.0086	0.9568	0.0169	0.0178		
3	0.0046	0.9607	0.0249	0.0099		
4	0.0142	0.9574	0.0128	0.0156		
4	0.0047	0.9716	0.0145	0.0092		
4	0.0119	0.9557	0.0213	0.0111		
4	0.0023	0.9658	0.0184	0.0135		
4	0.0034	0.9549	0.0293	0.0125		
4	0.0042	0.9683	0.0162	0.0112		
4	0.0037	0.9616	0.0239	0.0108		
4	0.0045	0.8818	0.1054	0.0083		
4	0.0155	0.9139	0.0385	0.0322		
4	0.0034	0.9557	0.0216	0.0193		
4	0.0032	0.9660	0.0192	0.0116		
4	0.0039	0.9538	0.0237	0.0186		
4	0.0052	0.9469	0.0238	0.0241		
4	0.0039	0.9598	0.0210	0.0154		
4	0.0121	0.8572	0.0255	0.1051		
4	0.0056	0.9607	0.0235	0.0101		
4	0.0067	0.9566	0.0226	0.0141		
4	0.0058	0.9613	0.0172	0.0157		
4	0.0042	0.9589	0.0241	0.0127		
4	0.0045	0.9572	0.0227	0.0157		
4	0.0062	0.9544	0.0262	0.0132		
4	0.0081	0.9552	0.0270	0.0097		
4	0.0017	0.9675	0.0189	0.0119		
4	0.0043	0.9497	0.0194	0.0266		
4	0.0109	0.9495	0.0183	0.0213		
5	1.0000	0.0000	0.0000	0.0000		
5	0.9923	0.0000	0.0077	0.0000		
5	0.9606	0.0000	0.0393	0.0000		
5	0.9909	0.0000	0.0090	0.0000		
5	1.0000	0.0000	0.0000	0.0000		
5	1.0000	0.0000	0.0000	0.0000		
5	0.9932	0.0000	0.0068	0.0000		
5	1.0000	0.0000	0.0000	0.0000		
5	1.0000	0.0000	0.0000	0.0000		
5	1.0000	0.0000	0.0000	0.0000		
5	1.0000	0.0000	0.0000	0.0000		
5	1.0000	0.0000	0.0000	0.0000		
5	0.9903	0.0000	0.0097	0.0000		
5	1.0000	0.0000	0.0000	0.0000		
5	0.9949	0.0000	0.0051	0.0000		
5	0.9987	0.0000	0.0012	0.0000		
5	1.0000	0.0000	0.0000	0.0000		
5	0.9997	0.0000	0.0002	0.0000		
5	1.0000	0.0000	0.0000	0.0000		
5	0.9835	0.0000	0.0165	0.0000		
5	1.0000	0.0000	0.0000	0.0000		
5	0.9998	0.0000	0.0002	0.0000		
5	1.0000	0.0000	0.0000	0.0000		
5	0.9969	0.0000	0.0030	0.0000		
5	0.9962	0.0000	0.0038	0.0000		
5	1.0000	0.0000	0.0000	0.0000		
5	1.0000	0.0000	0.0000	0.0000		
5	0.9997	0.0000	0.0003	0.0000		
5	1.0000	0.0000	0.0000	0.0000		
5	0.9985	0.0000	0.0015	0.0000		
5	0.9863	0.0000	0.0137	0.0000		
5	1.0000	0.0000	0.0000	0.0000		
5	0.9907	0.0000	0.0093	0.0000		
5	1.0000	0.0000	0.0000	0.0000		
5	1.0000	0.0000	0.0000	0.0000		
5	0.9999	0.0000	0.0001	0.0000		
5	0.9893	0.0000	0.0107	0.0000		
5	1.0000	0.0000	0.0000	0.0000		
5	0.9998	0.0000	0.0002	0.0000		
5	0.9972	0.0000	0.0028	0.0000		
5	0.9723	0.0000	0.0277	0.0000		
5	1.0000	0.0000	0.0000	0.0000		
5	0.9887	0.0000	0.0112	0.0000		
5	1.0000	0.0000	0.0000	0.0000		
5	1.0000	0.0000	0.0000	0.0000		
5	0.9870	0.0000	0.0130	0.0000		
5	1.0000	0.0000	0.0000	0.0000		
5	0.9997	0.0000	0.0003	0.0000		
5	0.9670	0.0000	0.0330	0.0000		
5	1.0000	0.0000	0.0000	0.0000		
5	0.9838	0.0000	0.0162	0.0000		
5	1.0000	0.0000	0.0000	0.0000		
5	0.9970	0.0000	0.0030	0.0000		
5	0.9965	0.0000	0.0035	0.0000		
5	1.0000	0.0000	0.0000	0.0000		
5	0.9865	0.0000	0.0135	0.0000		
5	1.0000	0.0000	0.0000	0.0000		
5	1.0000	0.0000	0.0000	0.0000		
5	0.9957	0.0000	0.0043	0.0000		
5	1.0000	0.0000	0.0000	0.0000		
5	0.9990	0.0000	0.0010	0.0000		
5	1.0000	0.0000	0.0000	0.0000		
5	1.0000	0.0000	0.0000	0.0000		
5	0.9967	0.0000	0.0033	0.0000		
5	0.9865	0.0000	0.0135	0.0000		
5	1.0000	0.0000	0.0000	0.0000		
5	1.0000	0.0000	0.0000	0.0000		
5	0.9920	0.0000	0.0080	0.0000		
5	1.0000	0.0000	0.0000	0.0000		
5	0.9992	0.0000	0.0008	0.0000		
5	0.9983	0.0000	0.0017	0.0000		
6	0.9759	0.0000	0.0241	0.0000		
6	0.9869	0.0000	0.0131	0.0000		
6	1.0000	0.0000	0.0000	0.0000		
6	0.9963	0.0000	0.0037	0.0000		
6	1.0000	0.0000	0.0000	0.0000		
6	0.9790	0.0000	0.0210	0.0000		
6	1.0000	0.0000	0.0000	0.0000		
6	1.0000	0.0000	0.0000	0.0000		
6	0.9922	0.0000	0.0078	0.0000		
6	0.9993	0.0000	0.0007	0.0000		
6	1.0000	0.0000	0.0000	0.0000		
6	1.0000	0.0000	0.0000	0.0000		
6	0.9832	0.0000	0.0168	0.0000		
6	0.9866	0.0000	0.0134	0.0000		
6	1.0000	0.0000	0.0000	0.0000		
6	1.0000	0.0000	0.0000	0.0000		
6	1.0000	0.0000	0.0000	0.0000		
6	0.9942	0.0000	0.0058	0.0000		
6	0.9797	0.0000	0.0203	0.0000		
6	0.9890	0.0000	0.0110	0.0000		
6	0.9964	0.0000	0.0035	0.0000		
6	1.0000	0.0000	0.0000	0.0000		
6	1.0000	0.0000	0.0000	0.0000		
6	0.9837	0.0000	0.0163	0.0000		
6	0.9998	0.0000	0.0002	0.0000		
6	1.0000	0.0000	0.0000	0.0000		
6	0.9773	0.0000	0.0227	0.0000		
6	1.0000	0.0000	0.0000	0.0000		
6	0.9834	0.0000	0.0166	0.0000		
6	1.0000	0.0000	0.0000	0.0000		
6	0.9993	0.0000	0.0007	0.0000		
6	1.0000	0.0000	0.0000	0.0000		
6	0.9998	0.0000	0.0001	0.0000		
6	0.9897	0.0000	0.0103	0.0000		
6	1.0000	0.0000	0.0000	0.0000		
6	0.9982	0.0000	0.0018	0.0000		
6	1.0000	0.0000	0.0000	0.0000		
6	0.9679	0.0000	0.0321	0.0000		
6	1.0000	0.0000	0.0000	0.0000		
6	1.0000	0.0000	0.0000	0.0000		
6	0.9995	0.0000	0.0004	0.0000		
6	1.0000	0.0000	0.0000	0.0000		
6	1.0000	0.0000	0.0000	0.0000		
6	0.9996	0.0000	0.0004	0.0000		
6	0.9866	0.0000	0.0134	0.0000		
6	0.9994	0.0000	0.0006	0.0000		
6	1.0000	0.0000	0.0000	0.0000		
6	1.0000	0.0000	0.0000	0.0000		
6	0.9898	0.0000	0.0102	0.0000		
6	0.9893	0.0000	0.0107	0.0000		
6	0.9989	0.0000	0.0011	0.0000		
6	1.0000	0.0000	0.0000	0.0000		
6	0.9998	0.0000	0.0002	0.0000		
6	1.0000	0.0000	0.0000	0.0000		
6	0.9721	0.0000	0.0279	0.0000		
7	0.9188	0.0000	0.0812	0.0000		
7	1.0000	0.0000	0.0000	0.0000		
7	0.9898	0.0000	0.0101	0.0000		
7	0.9995	0.0000	0.0005	0.0000		
8	0.7152	0.0044	0.2801	0.0003		
8	0.7128	0.0003	0.2846	0.0023		
8	0.7128	0.0030	0.2826	0.0015		
8	0.7181	0.0065	0.2753	0.0001		
8	0.7163	0.0011	0.2809	0.0017		
8	0.7092	0.0071	0.2828	0.0009		
8	0.7106	0.0026	0.2860	0.0008		
8	0.7074	0.0069	0.2857	0.0000		
8	0.7208	0.0062	0.2704	0.0026		
8	0.7144	0.0063	0.2785	0.0007		
8	0.7097	0.0050	0.2821	0.0033		
8	0.7086	0.0043	0.2869	0.0002		
8	0.7021	0.0079	0.2895	0.0004		
8	0.7049	0.0071	0.2875	0.0005		
8	0.7160	0.0018	0.2816	0.0006		
8	0.7014	0.0162	0.2824	0.0001		
8	0.7088	0.0017	0.2889	0.0006		
8	0.7569	0.0055	0.2372	0.0004		
8	0.7071	0.0078	0.2829	0.0022		
8	0.7145	0.0015	0.2831	0.0009		
8	0.7012	0.0106	0.2881	0.0000		
8	0.7046	0.0061	0.2892	0.0000		
8	0.7142	0.0066	0.2787	0.0005		
8	0.7164	0.0102	0.2724	0.0009		
8	0.7076	0.0018	0.2906	0.0000		
8	0.7140	0.0006	0.2853	0.0000		
8	0.7223	0.0024	0.2746	0.0007		
8	0.7113	0.0044	0.2840	0.0004		
8	0.7673	0.0017	0.2310	0.0000		
8	0.7126	0.0020	0.2853	0.0001		
8	0.7153	0.0032	0.2797	0.0018		
8	0.7092	0.0065	0.2843	0.0000		
8	0.7067	0.0070	0.2850	0.0013		
8	0.7135	0.0042	0.2803	0.0019		
8	0.7128	0.0052	0.2819	0.0001		
8	0.7116	0.0116	0.2766	0.0001		
8	0.7117	0.0028	0.2849	0.0006		
8	0.7217	0.0024	0.2748	0.0012		
8	0.7109	0.0009	0.2879	0.0003		
8	0.7092	0.0094	0.2813	0.0001		
8	0.6953	0.0135	0.2891	0.0021		
8	0.7092	0.0099	0.2809	0.0000		
8	0.7188	0.0000	0.2805	0.0006		
8	0.7140	0.0047	0.2809	0.0004		
8	0.7521	0.0000	0.2479	0.0000		
8	0.7084	0.0077	0.2805	0.0034		
8	0.7098	0.0045	0.2815	0.0043		
8	0.7183	0.0000	0.2795	0.0022		
8	0.7448	0.0020	0.2516	0.0016		
8	0.7162	0.0019	0.2816	0.0003		
8	0.7111	0.0055	0.2827	0.0008		
8	0.7284	0.0007	0.2706	0.0003		
8	0.7200	0.0004	0.2796	0.0000		
8	0.7179	0.0034	0.2782	0.0005		
8	0.7189	0.0032	0.2779	0.0000		
8	0.7179	0.0015	0.2800	0.0006		
8	0.7111	0.0082	0.2795	0.0011		
8	0.7452	0.0019	0.2520	0.0010		
8	0.7071	0.0075	0.2853	0.0001		
8	0.7135	0.0052	0.2813	0.0000		
8	0.7066	0.0010	0.2923	0.0000		
8	0.7132	0.0042	0.2823	0.0004		
8	0.7262	0.0180	0.2557	0.0002		
8	0.7141	0.0010	0.2849	0.0000		
8	0.7021	0.0105	0.2873	0.0000		
8	0.7082	0.0053	0.2864	0.0001		
8	0.7071	0.0100	0.2821	0.0007		
8	0.7827	0.0004	0.2169	0.0000		
8	0.7109	0.0056	0.2831	0.0004		
8	0.7071	0.0010	0.2919	0.0000		
8	0.7149	0.0003	0.2848	0.0000		
8	0.7160	0.0020	0.2808	0.0012		
8	0.6998	0.0183	0.2813	0.0006		
8	0.7573	0.0006	0.2421	0.0000		
8	0.7234	0.0011	0.2752	0.0003		
