LPdom_LPfor	LBVwil_LPdom	LBVwil_LPfor
0.0	84364.0144561125	84364.0144561125
0.0	711693.1387807983	711693.1387807983
63545.66563511758	117219.4229870024	117219.4229870024
0.0	57366.143046936166	57366.143046936166
0.0	83286.64802074338	83286.64802074338
0.0	55182.43026546443	55182.43026546443
93996.54399217758	36468.79812201291	36468.79812201291
17528.16809865622	122151.6075382238	122151.6075382238
66543.02492933796	217771.5503610953	217771.5503610953
48568.665756726194	1432443.711875471	1432443.711875471
11673.511170169506	42461.130589658555	42461.130589658555
20912.5752352279	29793.19828328703	29793.19828328703
0.0	7019.211595108885	7019.211595108885
9597.641967920088	276242.98275307973	276242.98275307973
48598.574879741376	71962.056875485	71962.056875485
0.0	56410.42376923213	56410.42376923213
18561.069044182084	296772.99319577886	296772.99319577886
60667.37283077378	89352.92721209505	89352.92721209505
21309.98148625254	178534.6165274819	178534.6165274819
23626.351499544857	27003.583962350112	27003.583962350112
24584.46039898216	623680.7728668064	623680.7728668064
31294.223180523073	127938.87387079546	127938.87387079546
36775.06159304816	173952.95533108406	173952.95533108406
39940.95813679747	38244.18389274872	38244.18389274872
55906.11834098023	178222.74046630587	178222.74046630587
0.0	54905.096429766985	54905.096429766985
75500.45624042115	221848.16460186738	221848.16460186738
39442.62518719774	78150.18975138362	78150.18975138362
28553.727420610747	22903.521858321837	22903.521858321837
23870.91770397714	47834.84421099799	47834.84421099799
0.0	119037.89550863924	119037.89550863924
97740.33518795419	19420.967852534963	19420.967852534963
103197.39319670034	19479.027298384994	19479.027298384994
9489.618305991773	230225.32538744743	230225.32538744743
7975.719492566008	125825.99674356052	125825.99674356052
19538.666669085484	704591.9183468602	704591.9183468602
44284.04455587868	92392.88219686343	92392.88219686343
22420.434927537164	17809.15933998012	17809.15933998012
29930.646414429604	378336.46335107955	378336.46335107955
29684.793984469914	19448.09984607113	19448.09984607113
16192.585980646796	10810.148021405432	10810.148021405432
0.0	28356.476934473656	28356.476934473656
21965.813519240568	25839.679831249567	25839.679831249567
25431.37349251077	575605.8011607322	575605.8011607322
19762.70563042168	6926.700072255087	6926.700072255087
102156.87941106476	94111.12852539145	94111.12852539145
15732.228257626573	53302.070212228864	53302.070212228864
32767.63631759501	686570.3665677991	686570.3665677991
24732.787720066568	128064.22086561203	128064.22086561203
50016.37537864465	5804.9299266267835	5804.9299266267835
30507.601389019877	406741.96360019484	406741.96360019484
43763.569392859696	17423.680974797517	17423.680974797517
51371.72161811847	35222.060352546854	35222.060352546854
48915.79584092791	7719.193095492596	7719.193095492596
22641.04077986696	14873.967604901914	14873.967604901914
25328.401576948898	21152.12162965609	21152.12162965609
10271.623427438022	822963.7167750122	822963.7167750122
30634.389122089357	49866.175134292076	49866.175134292076
0.0	33877.48198259747	33877.48198259747
43478.9395080735	82549.01574933514	82549.01574933514
30888.643241745733	332176.38605673035	332176.38605673035
36211.71800656056	16213.239591566138	16213.239591566138
13039.27819207135	226048.08015461752	226048.08015461752
77921.22770183344	16361.0908027489	16361.0908027489
20055.274663726133	382040.9420599288	382040.9420599288
18295.52388002643	128415.12741577969	128415.12741577969
64520.712109215296	41622.40016806346	41622.40016806346
11686.909439314297	564901.3738546335	564901.3738546335
33654.89280874532	14332.540116652688	14332.540116652688
148701.14716590094	228305.65896727145	228305.65896727145
49027.473629631175	8803.586876236168	8803.586876236168
34801.11451819935	24216.644074329946	24216.644074329946
50257.2761748392	151906.5076396695	151906.5076396695
30278.508293421823	127293.734466863	127293.734466863
22070.851017986854	244422.89103598622	244422.89103598622
39173.59090534932	400408.58731051214	400408.58731051214
0.0	285563.6845361611	285563.6845361611
7523.527859448432	12262.841402955688	12262.841402955688
41793.852883348925	35447.55164648803	35447.55164648803
30628.351944004902	41229.31320930781	41229.31320930781
14886.782724321354	267299.63827532413	267299.63827532413
106557.61713551065	153406.20033801257	153406.20033801257
0.0	697815.6009650659	697815.6009650659
51542.42171412224	10421.083025211461	10421.083025211461
0.0	425626.8368579932	425626.8368579932
58458.282772448096	5018.863215936738	5018.863215936738
13643.42562671414	393488.9346667051	393488.9346667051
27215.35920207181	48675.87694796913	48675.87694796913
18854.21570787545	450255.82966844	450255.82966844
23524.575369090177	386939.38402447064	386939.38402447064
31654.530325662516	35572.29009757828	35572.29009757828
31061.52504408563	6567.338703149642	6567.338703149642
17681.673900657446	192895.39658794555	192895.39658794555
50542.95319960342	127570.03486251773	127570.03486251773
44387.96583570066	183399.35508225986	183399.35508225986
5720.30283832285	83327.15480430516	83327.15480430516
8429.969200771524	140005.02579316945	140005.02579316945
30449.91824791619	24975.219098519327	24975.219098519327
15913.241487523104	268264.7006806186	268264.7006806186
18196.489288425055	5503.109310690177	5503.109310690177
53369.92037434974	33466.514654539686	33466.514654539686
13970.124664039846	308611.5107205649	308611.5107205649
26804.949667675566	14151.65373453265	14151.65373453265
39042.52368390704	16484.00027422013	16484.00027422013
44295.27141921875	110954.59912579277	110954.59912579277
23339.77693121453	9730.147779532263	9730.147779532263
13006.476483965362	299192.7586976331	299192.7586976331
106259.51534701633	210901.240581683	210901.240581683
15146.513507388438	215113.49384994147	215113.49384994147
57716.45874927626	43156.999619678	43156.999619678
11081.864899751392	394553.8127530861	394553.8127530861
19963.84933921109	134264.3219195736	134264.3219195736
13985.18074389136	188593.260967232	188593.260967232
21551.68175025707	76503.9523042472	76503.9523042472
21142.2877462499	54357.74662776855	54357.74662776855
23474.858750034018	133813.59083724988	133813.59083724988
0.0	274343.84393016825	274343.84393016825
10104.390615738046	4772.978739358107	4772.978739358107
25032.359941759052	103177.83402813182	103177.83402813182
18434.278759490153	232311.6747945023	232311.6747945023
29729.740551300652	16267.049369913067	16267.049369913067
15420.816761472552	37990.96065823204	37990.96065823204
69750.68528693239	122734.77074347611	122734.77074347611
70848.95859728374	34038.70132468207	34038.70132468207
0.0	137170.14117578726	137170.14117578726
27630.407302666612	22916.78261079032	22916.78261079032
46670.6005032729	117245.33799957205	117245.33799957205
45700.96445822968	1478273.3212715467	1478273.3212715467
0.0	9182.959225081848	9182.959225081848
41355.91103393388	27990.830089175237	27990.830089175237
49611.62076100243	100344.5828303941	100344.5828303941
45775.861571979876	22163.427329423004	22163.427329423004
21437.462653364833	260530.24165319174	260530.24165319174
18472.42951071413	43202.41618747142	43202.41618747142
66078.28404005547	1244515.1531313315	1244515.1531313315
31079.929598962568	26844.54121775176	26844.54121775176
0.0	57856.66022194457	57856.66022194457
28687.54846888422	215493.24335508316	215493.24335508316
22908.456379640244	24004.044822288517	24004.044822288517
32657.607840587552	56403.32162383628	56403.32162383628
38078.69583748236	391199.70635475894	391199.70635475894
66323.33888075002	13331.700149157577	13331.700149157577
0.0	53750.66269701806	53750.66269701806
48694.8903670702	1084008.076658569	1084008.076658569
27000.180601672335	15200.201282279639	15200.201282279639
89244.07392872179	6943.636761330032	6943.636761330032
53097.38713759962	270171.8852230026	270171.8852230026
23213.751123823917	88901.86245902671	88901.86245902671
15051.939197217875	188511.69806928077	188511.69806928077
29785.519464071447	71364.86807790842	71364.86807790842
34345.307692927636	160150.19256515216	160150.19256515216
81652.8018690242	84542.57401738602	84542.57401738602
16084.466635040562	46556.47819915128	46556.47819915128
39889.589936876255	558390.2173733963	558390.2173733963
33797.033899880196	1741244.4346731172	1741244.4346731172
80316.98677979846	482224.3483732676	482224.3483732676
9166.25436992765	442884.76560856606	442884.76560856606
0.0	4648.165182369797	4648.165182369797
14774.126801252654	20579.927641786562	20579.927641786562
22956.657407850653	20252.456649182022	20252.456649182022
20010.3521032107	50642.6003546225	50642.6003546225
15698.321543517037	258684.12116863122	258684.12116863122
13258.639353071689	24988.03283191986	24988.03283191986
11232.213582090826	125705.44596399972	125705.44596399972
15593.720920624397	115917.85162349345	115917.85162349345
0.0	48935.19770059141	48935.19770059141
18089.137472941904	453437.7054069108	453437.7054069108
18570.105728785027	8299.02474367153	8299.02474367153
17526.135115104433	22719.88455659498	22719.88455659498
61663.83241763115	30392.57754689426	30392.57754689426
12587.283591781948	178775.84973878492	178775.84973878492
43153.08316051708	19490.176781257636	19490.176781257636
25148.381044518	311995.99684879626	311995.99684879626
16219.455796688222	225552.762197037	225552.762197037
12879.32567440636	24360.215695194194	24360.215695194194
40440.68324036925	11900.182192250328	11900.182192250328
39796.53542936117	54045.982953099134	54045.982953099134
26849.37125134755	215807.77599166986	215807.77599166986
98780.2490574537	56017.451458458454	56017.451458458454
0.0	848723.6730179515	848723.6730179515
47481.20913791316	374969.94314770866	374969.94314770866
76710.63483556804	464188.17728367617	464188.17728367617
15199.409498902272	195629.9304610564	195629.9304610564
96533.02493748182	126127.95351410612	126127.95351410612
11118.891094488123	203618.3074588072	203618.3074588072
13197.262385141054	126218.73439498694	126218.73439498694
30518.09098752842	47253.71122075365	47253.71122075365
0.0	89912.18416864671	89912.18416864671
49568.104411342334	11094.986467928109	11094.986467928109
94386.59917518072	13396.938499410364	13396.938499410364
40919.20140681769	33582.399381007854	33582.399381007854
0.0	198170.53628362555	198170.53628362555
49059.76236992488	73323.1822318966	73323.1822318966
16787.862301645764	245637.24902625557	245637.24902625557
68738.17432751576	28417.45003841617	28417.45003841617
37441.507502019296	46806.02698562041	46806.02698562041
22331.486633357737	333708.7200430681	333708.7200430681
32242.392135220965	49090.89660899602	49090.89660899602
31662.895171164055	23338.365900224482	23338.365900224482
24466.938473707927	21180.732199856633	21180.732199856633
24063.35127391824	17662.76884887701	17662.76884887701
14991.77177310481	121042.29075207106	121042.29075207106
65544.93784655828	37915.71068647826	37915.71068647826
92206.2224361083	86959.1769759162	86959.1769759162
63830.828853257604	121424.82270211958	121424.82270211958
25782.780460638645	197006.53299374113	197006.53299374113
24111.2826098852	18210.004106394386	18210.004106394386
73449.06647704881	11710.378611517513	11710.378611517513
63156.44918518461	927679.4719420569	927679.4719420569
18554.42204526536	804352.6791070142	804352.6791070142
18009.70523574354	55798.759290832626	55798.759290832626
12369.497973363672	6037.269570973208	6037.269570973208
0.0	114623.27790249519	114623.27790249519
36285.8351340469	141134.29727778834	141134.29727778834
28047.600338082128	41400.295429862796	41400.295429862796
0.0	32425.75944579374	32425.75944579374
20544.08850783005	420004.26353416155	420004.26353416155
34148.999900931	80021.99279330134	80021.99279330134
24664.839431908043	50671.2668122784	50671.2668122784
39603.00273467467	961658.0032096897	961658.0032096897
29822.829193564583	371220.25089887594	371220.25089887594
0.0	47505.80395129953	47505.80395129953
29387.206663702535	16352.63201586778	16352.63201586778
24664.651674592595	145322.72249452467	145322.72249452467
15930.414166854129	212998.86577260494	212998.86577260494
18318.0873454411	31055.678874607634	31055.678874607634
79152.55198174238	96050.00903611063	96050.00903611063
6390.1074872406225	285058.97516829416	285058.97516829416
29758.721351791162	76750.85670939495	76750.85670939495
48041.8681954679	56454.907755734464	56454.907755734464
108644.6412702539	39663.29483984622	39663.29483984622
48648.89307695822	257200.38253298996	257200.38253298996
24155.014275504433	746392.8098290197	746392.8098290197
40024.726874291075	36256.55880915533	36256.55880915533
0.0	505422.6227810886	505422.6227810886
82023.64615501126	213983.83550300126	213983.83550300126
54218.9894454329	142655.49493373206	142655.49493373206
23317.92043775763	136080.13510178332	136080.13510178332
26147.041671801922	9302.205536268657	9302.205536268657
14645.034716594047	752891.875675071	752891.875675071
48136.869912076705	461031.129747673	461031.129747673
19208.633215045433	25425.73619619158	25425.73619619158
69706.81466515298	89342.55848816478	89342.55848816478
12165.017361185053	126809.05964840678	126809.05964840678
31837.01404070992	30254.804820845726	30254.804820845726
27979.70746852666	20968.186751662288	20968.186751662288
27157.047570672083	308504.50471421704	308504.50471421704
13999.064051155096	4613.848879615517	4613.848879615517
75483.3774085778	8445.492143953275	8445.492143953275
12853.988023354968	88170.0233017617	88170.0233017617
0.0	68756.34170019819	68756.34170019819
61337.48440533857	83920.16449790528	83920.16449790528
21596.108072762974	164088.94699747342	164088.94699747342
9741.577318780022	85406.74451150572	85406.74451150572
32459.194098314547	1208301.9507379243	1208301.9507379243
18706.09543122184	388564.9330192051	388564.9330192051
63889.463592177184	759653.6787961329	759653.6787961329
38914.50835791941	61194.017691939865	61194.017691939865
86652.01045119118	1167067.1120801084	1167067.1120801084
0.0	557563.0787839986	557563.0787839986
0.0	21927.643366979268	21927.643366979268
112404.7131488892	74748.45386961245	74748.45386961245
66336.28861620372	25802.96398525955	25802.96398525955
28607.798793227423	67933.89249871936	67933.89249871936
124911.57288621966	24867.29088165515	24867.29088165515
13308.770686131133	70722.86557358244	70722.86557358244
153351.85149087763	180830.81383657112	180830.81383657112
16604.305694216117	302459.3403585608	302459.3403585608
43369.876486401066	26458.05868054265	26458.05868054265
0.0	44835.304267620646	44835.304267620646
15840.385488674467	134135.6183512518	134135.6183512518
30836.746732884138	267396.785367246	267396.785367246
32292.52811173393	456845.8696765422	456845.8696765422
20460.984559623153	238140.50654102935	238140.50654102935
18146.14267100309	383629.6429729481	383629.6429729481
11932.828747909156	11419.02294444983	11419.02294444983
66136.7591545042	86206.71549550345	86206.71549550345
105412.2375535572	245477.20084186608	245477.20084186608
8113.602573837687	68369.09267555854	68369.09267555854
17454.26778561263	10795.356284758709	10795.356284758709
46902.794667746086	4856.780074996794	4856.780074996794
0.0	246051.82115332634	246051.82115332634
26489.481478786	341431.38979795325	341431.38979795325
22318.880788996372	141688.20082228634	141688.20082228634
19010.26946714576	306787.91343081236	306787.91343081236
0.0	18748.52538157695	18748.52538157695
54678.82535096456	10034.135540426427	10034.135540426427
38384.51935905226	5777.122962063255	5777.122962063255
33843.437025087565	8952.904075172302	8952.904075172302
38424.89409464905	975302.1898424343	975302.1898424343
24109.85797703284	263190.48946393596	263190.48946393596
69939.67837462513	7934.250824572644	7934.250824572644
0.0	24677.59717705183	24677.59717705183
26211.321088336324	404267.0680864608	404267.0680864608
166564.9458146621	76211.4612513821	76211.4612513821
22413.260443358948	79962.28731501303	79962.28731501303
48225.97276365857	312684.40963995515	312684.40963995515
12790.740034595803	23531.12513100907	23531.12513100907
32212.298968685558	8121.061661452517	8121.061661452517
53055.854867065194	49505.787274377224	49505.787274377224
15474.78876880301	82170.20947139467	82170.20947139467
11621.884327347243	115793.81740327203	115793.81740327203
40002.380094918066	20806.989163856088	20806.989163856088
32700.042032068246	38543.836715698206	38543.836715698206
63690.81947670599	69304.49126205564	69304.49126205564
12292.45165450113	13448.323835911699	13448.323835911699
33323.5625491076	19209.388640638204	19209.388640638204
16653.58443133529	69427.18075472237	69427.18075472237
0.0	12727.451188268205	12727.451188268205
36772.75307352377	5237.87648418331	5237.87648418331
24011.94730183783	217195.25327362446	217195.25327362446
25927.173673674508	94873.41651258829	94873.41651258829
0.0	12807.457330408837	12807.457330408837
13399.79781893854	25065.508283685213	25065.508283685213
21345.46234403368	150626.37860359665	150626.37860359665
0.0	21347.06474221599	21347.06474221599
33727.0647060925	63888.41304765954	63888.41304765954
63584.36816537627	5092.660047424018	5092.660047424018
40884.60539880165	22043.711928065935	22043.711928065935
16708.54529795052	39298.76190843765	39298.76190843765
48410.459339671856	508081.9369882905	508081.9369882905
24950.226432305735	21326.548312907315	21326.548312907315
41383.13711076722	239861.58393681835	239861.58393681835
11074.57736683251	66630.49048444812	66630.49048444812
0.0	583025.1274607062	583025.1274607062
9899.38926715685	191575.89218960083	191575.89218960083
136695.658150915	144159.12335835255	144159.12335835255
31321.950391766593	53241.13022716798	53241.13022716798
32406.395633136974	35773.2994041139	35773.2994041139
16101.082254447476	45395.031918594614	45395.031918594614
14031.553894801846	84202.63722555885	84202.63722555885
26345.163587197865	11874.515147050695	11874.515147050695
35415.5466213646	440735.2851920991	440735.2851920991
0.0	422072.3284947214	422072.3284947214
72799.27251456594	22510.28470700065	22510.28470700065
70093.66666663504	313033.00713874877	313033.00713874877
50803.266219010926	6357.391859661239	6357.391859661239
17681.939556743575	14706.134310290097	14706.134310290097
45191.812915794646	9326.166367844802	9326.166367844802
0.0	707014.5224938933	707014.5224938933
15372.663858654505	34231.73666252327	34231.73666252327
16672.101344280774	20730.1671929146	20730.1671929146
0.0	155712.36316328333	155712.36316328333
13613.965476035475	144991.3178709889	144991.3178709889
23293.919703907188	33194.90404130914	33194.90404130914
19488.998254826463	627523.5475371277	627523.5475371277
40421.27033007676	10196.157894194632	10196.157894194632
0.0	47380.546040713394	47380.546040713394
176766.17891256168	23827.573324068882	23827.573324068882
52974.05073233015	74746.700237759	74746.700237759
0.0	444890.58297569596	444890.58297569596
22418.937613344373	222536.50917529064	222536.50917529064
15806.15331959123	27317.293190021497	27317.293190021497
18582.821248450353	211632.71647954217	211632.71647954217
22212.62473863627	17949.70909266347	17949.70909266347
16672.948939655555	673617.5879588248	673617.5879588248
35721.31445071156	82202.86459043411	82202.86459043411
36890.07004005835	727629.5858337622	727629.5858337622
20593.10918182278	10507.674952254296	10507.674952254296
20598.582335264175	31389.97583577461	31389.97583577461
29068.37144131882	21110.20026305052	21110.20026305052
13643.848124111673	216807.77934766948	216807.77934766948
23493.23544871955	52726.00179315055	52726.00179315055
0.0	1027290.9090679676	1027290.9090679676
26261.95395705132	14989.507755606615	14989.507755606615
47593.0033055882	155081.81665024106	155081.81665024106
14607.668447187003	802039.0360663354	802039.0360663354
13259.555935163302	451981.4547986825	451981.4547986825
76645.33322709944	209731.74973539796	209731.74973539796
51409.873437030554	104474.95459142268	104474.95459142268
48358.457651817866	9745.470184328837	9745.470184328837
10467.556519111955	1454414.1731598973	1454414.1731598973
75671.42226896422	99388.44821071904	99388.44821071904
20634.42974130984	35253.6570709962	35253.6570709962
23810.9857469516	20789.320427754905	20789.320427754905
10119.027826388083	124603.7050834045	124603.7050834045
35941.884405798366	277552.2800131554	277552.2800131554
59266.6280014553	386354.10431677214	386354.10431677214
21729.39220946182	20844.73159244156	20844.73159244156
11001.182907354065	333221.9538695743	333221.9538695743
37165.14273740301	187761.70061207586	187761.70061207586
14919.053126922146	70602.75095461169	70602.75095461169
31416.271832806942	332785.9513852814	332785.9513852814
73090.14898328736	632025.0160732894	632025.0160732894
59513.23407371793	332448.7178954394	332448.7178954394
30105.576863010476	875381.442073337	875381.442073337
35248.590885618	44122.09905206894	44122.09905206894
55229.22698340083	41891.21781104821	41891.21781104821
32243.967507595593	638485.9771000777	638485.9771000777
14561.685275562375	57577.93866293414	57577.93866293414
20843.658299591643	149614.49923256395	149614.49923256395
40983.71337154222	527184.4028198624	527184.4028198624
17918.79927192646	13322.100201104395	13322.100201104395
0.0	15858.375113024154	15858.375113024154
156164.87741101257	22206.100361908964	22206.100361908964
49332.55726521359	11448.04157374476	11448.04157374476
46640.476724704495	56701.792312114856	56701.792312114856
27231.04030658149	1211398.426766104	1211398.426766104
27694.519347269797	11943.012376269	11943.012376269
28034.84155929794	132381.4070061252	132381.4070061252
48331.18271500718	13007.302401426785	13007.302401426785
80866.44640778929	682130.7392534574	682130.7392534574
16932.465647142988	11216.377688681088	11216.377688681088
27891.198416093335	516117.46273999626	516117.46273999626
42252.91150531725	10467.708104831418	10467.708104831418
25183.526630756925	763823.9388582493	763823.9388582493
61570.21423090289	20595.996638681874	20595.996638681874
75535.40563191762	905961.4933179261	905961.4933179261
23759.36860922999	218235.31613892977	218235.31613892977
45353.01193437549	2284896.940550535	2284896.940550535
0.0	31219.921549284452	31219.921549284452
22913.694191710336	161989.76208979284	161989.76208979284
18894.59447609181	50733.36001422221	50733.36001422221
72513.04334203753	402843.3125646286	402843.3125646286
23759.236173041492	5519.989854290973	5519.989854290973
10876.368666237657	733448.8102768115	733448.8102768115
43793.053074101845	70900.60473407022	70900.60473407022
23334.508377853017	67039.08079494958	67039.08079494958
44884.24716157295	1392791.4372279758	1392791.4372279758
68696.88227916049	4900.033585425557	4900.033585425557
0.0	6291.816754661065	6291.816754661065
45240.503679586815	71223.60527019003	71223.60527019003
9834.172330687003	1817389.9476831711	1817389.9476831711
89277.61050098545	269298.6121403998	269298.6121403998
0.0	373856.2516775861	373856.2516775861
62156.283526930165	6054.050581289807	6054.050581289807
57117.77018809586	869458.6911586646	869458.6911586646
44532.2110453986	22603.79448354509	22603.79448354509
0.0	665996.7931114854	665996.7931114854
15691.608681674097	42826.65079899207	42826.65079899207
17615.914876591152	85861.5312672952	85861.5312672952
13656.347125837878	482436.1676736607	482436.1676736607
10809.869821865883	188887.88601591092	188887.88601591092
18543.550095061873	205128.32026009972	205128.32026009972
12651.48847854983	34306.1646861049	34306.1646861049
21098.96798892173	27059.75793877804	27059.75793877804
13224.805929889475	703696.3824309391	703696.3824309391
18505.943334818923	323498.58259550825	323498.58259550825
25818.37845811354	13844.824106683393	13844.824106683393
12340.649836732611	201797.02174127832	201797.02174127832
9307.524949057743	109302.47101635355	109302.47101635355
13037.998513193219	425603.18482490804	425603.18482490804
36826.87343048426	312214.91832307575	312214.91832307575
24879.729235008985	80000.88611101954	80000.88611101954
12867.563931319837	13462.88992405877	13462.88992405877
37397.05487304879	19187.03951080703	19187.03951080703
69031.12350419031	10804.903001033532	10804.903001033532
0.0	566373.4620025471	566373.4620025471
22794.277557384532	9029.446730665706	9029.446730665706
64614.52149808215	517190.0180356899	517190.0180356899
63507.74999969054	153465.6670269634	153465.6670269634
26804.18953432459	51044.45049559157	51044.45049559157
18653.796997409754	127578.33015561354	127578.33015561354
17731.740856771416	2285.0539688860304	2285.0539688860304
38340.305651125105	183697.6460911388	183697.6460911388
25870.003850117173	128894.71775811509	128894.71775811509
35781.02502894831	358034.66369012644	358034.66369012644
51676.04114031065	13012.482006405415	13012.482006405415
24599.144253112576	23573.799455246804	23573.799455246804
0.0	14714.879292844866	14714.879292844866
26066.430262915164	26999.282257616986	26999.282257616986
33336.13627733053	908482.0425386014	908482.0425386014
18393.225095695998	252532.45923945666	252532.45923945666
36308.75631918089	11403.016643243987	11403.016643243987
88789.0111428907	26100.70243649039	26100.70243649039
25577.516220706828	196877.70537539356	196877.70537539356
37090.86794326663	53202.079308461056	53202.079308461056
0.0	87903.47629321236	87903.47629321236
30660.516881179592	10220.144344968772	10220.144344968772
45488.12714358784	26933.73897395175	26933.73897395175
11521.149280241232	42917.61281499533	42917.61281499533
8816.697973955219	152702.30923928652	152702.30923928652
26446.51881487503	985953.0038703716	985953.0038703716
98417.89848562825	201097.2247730211	201097.2247730211
16915.447210219063	178346.04250478593	178346.04250478593
27895.840357564834	285909.9390820117	285909.9390820117
30710.969878407595	413657.73111188156	413657.73111188156
14260.941905508265	95100.28015465918	95100.28015465918
26367.23997323769	59541.199549298675	59541.199549298675
0.0	36031.68507983059	36031.68507983059
21654.985813691746	9592.403276988673	9592.403276988673
24439.30964304918	71693.61390411947	71693.61390411947
0.0	11606.244764672874	11606.244764672874
29448.491703319003	28295.814432217634	28295.814432217634
16467.142627954807	189129.30979699834	189129.30979699834
41777.180603877154	1575308.3331804741	1575308.3331804741
20091.601031860904	16875.528633213205	16875.528633213205
17995.583214406055	15108.49975600602	15108.49975600602
0.0	108137.4034246856	108137.4034246856
8361.513785527159	6658.370959223617	6658.370959223617
64497.515658970005	1166888.1591291805	1166888.1591291805
23564.399805887213	463034.96239629306	463034.96239629306
12124.30158619346	77582.61521285983	77582.61521285983
0.0	26170.3723929812	26170.3723929812
28573.039402731836	120706.3077044122	120706.3077044122
26759.701968952053	233609.43409984035	233609.43409984035
12994.510180406149	40231.37371718248	40231.37371718248
12812.043840183513	144499.6935669239	144499.6935669239
153453.9307693448	46799.24612521701	46799.24612521701
26729.94237254533	113919.2304896838	113919.2304896838
10924.351911191214	521708.0438661345	521708.0438661345
17145.851004700377	33184.193658497585	33184.193658497585
17852.17102180226	201408.18500015256	201408.18500015256
45896.5372587059	54998.29470199171	54998.29470199171
16321.258773753434	283974.20699611644	283974.20699611644
33383.39548851407	166133.0373083053	166133.0373083053
12380.268197145315	46913.385961318585	46913.385961318585
41107.798918892695	112462.72868352462	112462.72868352462
33198.51272952554	192760.9347824948	192760.9347824948
57444.946983149835	1011562.8791617468	1011562.8791617468
42184.593921328924	180346.3491411303	180346.3491411303
20744.434218627688	24204.00522832764	24204.00522832764
63691.47583201254	1731967.9433221144	1731967.9433221144
21842.01794466847	85439.05737124576	85439.05737124576
77341.65303368136	713298.1827110079	713298.1827110079
22736.70025130745	180177.24143838193	180177.24143838193
14844.671726047156	2548887.1091780085	2548887.1091780085
34647.04837937635	846451.2258569037	846451.2258569037
37972.439097660725	85427.54251556395	85427.54251556395
84815.9079342274	97519.40794113875	97519.40794113875
0.0	234316.0391716604	234316.0391716604
48733.980460636536	793824.2430655459	793824.2430655459
54450.550042743	139469.0113873501	139469.0113873501
44974.50615356113	271999.81451440847	271999.81451440847
20013.382825047647	27565.688042598867	27565.688042598867
69678.71368083959	147903.40416477123	147903.40416477123
29779.88238039826	168262.75756390527	168262.75756390527
54386.02528334506	14663.62253129151	14663.62253129151
27619.563027521857	131805.37437125217	131805.37437125217
20167.78962037868	54229.37601821473	54229.37601821473
14967.65412532911	23240.155935658488	23240.155935658488
130946.59848092408	22559.67068512712	22559.67068512712
31673.1565760405	442758.5389922987	442758.5389922987
27526.365006138007	195571.47397058402	195571.47397058402
66788.36813813355	71057.44166524208	71057.44166524208
51157.34233320679	87759.21082155054	87759.21082155054
25485.619172548002	17139.26735572486	17139.26735572486
81220.48432907999	44555.105953100196	44555.105953100196
40537.46553700708	52632.920921181	52632.920921181
37560.22073829208	278382.3519955845	278382.3519955845
150161.37178132994	110864.5086835418	110864.5086835418
15251.777180820032	485103.32197725127	485103.32197725127
37842.10313508261	272919.6933091022	272919.6933091022
33226.833360022574	13939.690332497814	13939.690332497814
13495.05611916103	267255.68971755647	267255.68971755647
14621.064835395586	354992.3428276762	354992.3428276762
20431.485003684586	56634.02944420052	56634.02944420052
21813.753719624427	442579.07416349964	442579.07416349964
29449.201309037977	55852.6516302683	55852.6516302683
41942.06212494118	559299.909035103	559299.909035103
84317.93734655718	219082.82750513958	219082.82750513958
14686.173652114205	224992.06092547375	224992.06092547375
15071.568306936426	627388.9176526638	627388.9176526638
35929.79720975796	1992574.676426238	1992574.676426238
20135.89622451584	6426.74225392803	6426.74225392803
14966.15921791794	1046545.6722285502	1046545.6722285502
66281.98994923019	406608.2818895123	406608.2818895123
133029.52023197425	45619.6388414327	45619.6388414327
56130.24191289122	133202.85775754068	133202.85775754068
0.0	117125.41045905933	117125.41045905933
26637.943832725487	83464.80601193916	83464.80601193916
18336.32657045625	42186.71160716878	42186.71160716878
0.0	17833.75493997829	17833.75493997829
22663.88792515794	201405.59617167848	201405.59617167848
43132.364815556175	373424.1220673948	373424.1220673948
0.0	3802.624408555921	3802.624408555921
80640.9889821337	111907.48359741323	111907.48359741323
31914.610732793102	39104.531178127945	39104.531178127945
23347.07558725608	21424.922794605973	21424.922794605973
42066.79143114091	267913.6042964545	267913.6042964545
53624.16190331453	238715.16517040017	238715.16517040017
13629.326813114165	107522.55416070564	107522.55416070564
33594.23443616013	58562.41141463584	58562.41141463584
59827.43701256862	458437.3507943899	458437.3507943899
39198.97957928924	7598.542291940227	7598.542291940227
27772.32716852973	226841.90179998992	226841.90179998992
27668.993725847908	24747.75027365791	24747.75027365791
23203.812842181644	1797755.9361586245	1797755.9361586245
17298.856543735	10770.371429312194	10770.371429312194
13797.768586946999	130336.4132731414	130336.4132731414
19383.388585420245	183411.97966125264	183411.97966125264
72155.35155259082	444645.54894371174	444645.54894371174
23836.502157988813	51312.45617649069	51312.45617649069
11066.685234762974	163354.4822593867	163354.4822593867
18274.084580901927	300094.3484751139	300094.3484751139
57547.55409550605	112766.68645716996	112766.68645716996
37268.76050869798	743732.1264260755	743732.1264260755
25542.468982032504	593362.0650457867	593362.0650457867
49342.33494967573	256220.59940008333	256220.59940008333
25247.400186168354	750429.9395976352	750429.9395976352
76279.21913998049	130869.12541050278	130869.12541050278
9891.469449705577	13981.54892459989	13981.54892459989
36442.381085607354	109140.68431376474	109140.68431376474
10998.719030955393	25545.023513439046	25545.023513439046
32984.44695576949	124027.42825920321	124027.42825920321
24780.387680550983	42155.31127099132	42155.31127099132
0.0	105365.66277805003	105365.66277805003
11020.831163996803	49984.92810126137	49984.92810126137
13526.070650439775	105740.06192943577	105740.06192943577
30696.77056767247	326333.71259207587	326333.71259207587
20283.332216947685	249189.5342355723	249189.5342355723
45268.75934482832	59437.40551556124	59437.40551556124
0.0	597059.3752742275	597059.3752742275
15690.50845241298	452419.5551578549	452419.5551578549
36608.507141116235	342317.5360668128	342317.5360668128
24973.998169801667	426366.1193714729	426366.1193714729
19371.794473410697	40897.0837838656	40897.0837838656
23403.63643051051	411264.747438318	411264.747438318
50530.49167345837	9911.131442168962	9911.131442168962
37019.11908880011	25431.61543106672	25431.61543106672
0.0	166416.8639574947	166416.8639574947
37637.72338007644	149684.3176683245	149684.3176683245
90336.0927578716	18727.779570501385	18727.779570501385
51485.5906377018	67342.66933229993	67342.66933229993
17973.318436828435	67716.781601776	67716.781601776
47396.50007277417	166702.34845613842	166702.34845613842
26264.754147877335	36318.20627335411	36318.20627335411
11098.830988932885	88795.84611898016	88795.84611898016
9839.182794518838	26179.38660759514	26179.38660759514
21556.994921997662	48234.43389573843	48234.43389573843
27038.2217653321	319247.64983266836	319247.64983266836
54800.167038121705	422350.95256407664	422350.95256407664
33690.48880041077	598517.3669781501	598517.3669781501
28445.97351232664	781482.5329026021	781482.5329026021
36767.986310458924	189262.12323632292	189262.12323632292
18495.923563003922	28728.607647106473	28728.607647106473
21664.451991778962	352937.13430343877	352937.13430343877
24646.436149841862	66785.66188508263	66785.66188508263
0.0	615348.7705523488	615348.7705523488
17046.15355545692	438265.48573112907	438265.48573112907
12333.073364099593	132929.52862017858	132929.52862017858
18293.180046883648	855136.4056847936	855136.4056847936
24436.359410576988	722320.1434083271	722320.1434083271
24157.629444763123	25511.387253430235	25511.387253430235
60013.41560638968	133859.96869657235	133859.96869657235
43188.031873271975	312512.75152550463	312512.75152550463
16419.74286323624	969229.9806812739	969229.9806812739
17669.90868996316	115547.77242475282	115547.77242475282
52993.36752019308	30976.132969879276	30976.132969879276
49985.85092872656	98607.72643938237	98607.72643938237
23196.938807895338	40661.04844676487	40661.04844676487
29229.99699163275	120686.428448979	120686.428448979
61449.213611031126	139679.91228885032	139679.91228885032
18294.20960105777	278835.07592890796	278835.07592890796
28358.649261868053	125436.46773474365	125436.46773474365
18653.21298094478	27562.05422161173	27562.05422161173
48715.34639878814	19083.526682128664	19083.526682128664
17829.564895525575	129734.26409549864	129734.26409549864
24913.125107159074	388866.0385849413	388866.0385849413
20893.61141975224	308623.5390072695	308623.5390072695
12517.618284719863	12252.19095044005	12252.19095044005
8833.987432902131	68247.18823310536	68247.18823310536
0.0	167459.4578789965	167459.4578789965
14301.934602743126	66403.54693808977	66403.54693808977
23179.886881266826	19094.985520305054	19094.985520305054
37722.772782034925	42384.916263309206	42384.916263309206
68946.1906849801	737249.4576355054	737249.4576355054
43681.06764219216	13715.858277696196	13715.858277696196
22940.839778251015	1205034.6049630884	1205034.6049630884
53122.27262043819	1124817.1308737074	1124817.1308737074
0.0	34321.03259154204	34321.03259154204
26788.417183354697	10460.920050193297	10460.920050193297
49280.031603444375	3485.4498380986147	3485.4498380986147
18781.487924842477	9184.44616033253	9184.44616033253
52201.23985671042	84464.63314560933	84464.63314560933
27347.62478814563	315760.7412874578	315760.7412874578
13981.095540596598	168699.3584225412	168699.3584225412
12635.6982438419	475825.30796441145	475825.30796441145
17486.55727308059	161264.3429189114	161264.3429189114
27329.878636683443	167686.04333805176	167686.04333805176
0.0	15183.162140808678	15183.162140808678
44980.41874418879	474751.0749927212	474751.0749927212
35606.004627801536	125067.63309028774	125067.63309028774
41590.073860771896	229000.34566177113	229000.34566177113
0.0	50740.00119990379	50740.00119990379
15666.909857980343	298846.47019853204	298846.47019853204
22765.187655707832	471775.5631218129	471775.5631218129
41896.40836610547	19683.244707086607	19683.244707086607
84877.55689713104	1368521.607603804	1368521.607603804
22935.01446134803	72801.40026800834	72801.40026800834
59808.8367711653	290912.09150452696	290912.09150452696
30183.314766525113	7912.731481796144	7912.731481796144
12670.296576188239	20602.007597470492	20602.007597470492
58806.67458618978	49358.360369543974	49358.360369543974
17498.17262321623	603005.6365311828	603005.6365311828
17353.5653865106	467505.0344840824	467505.0344840824
0.0	30462.667376374317	30462.667376374317
30423.124263338625	82576.24438892222	82576.24438892222
28376.747217890912	42485.82429029042	42485.82429029042
32368.49387392873	8342.214833680177	8342.214833680177
56419.97150708241	80012.28669240822	80012.28669240822
42040.692631774844	90847.53450388812	90847.53450388812
10744.970697210243	51050.13915534581	51050.13915534581
49976.4803687391	18597.400334183134	18597.400334183134
22723.955473564332	641747.8646170441	641747.8646170441
15885.965347917529	50777.85788461459	50777.85788461459
17417.392088751556	438471.7224323551	438471.7224323551
29255.41045442899	134452.57469439248	134452.57469439248
18056.647606011014	133447.79747500826	133447.79747500826
19309.88024160808	59963.352663733815	59963.352663733815
60874.97701029903	68751.53285827361	68751.53285827361
0.0	53360.178121822246	53360.178121822246
63454.362924984154	8105.78360932132	8105.78360932132
0.0	156159.588308061	156159.588308061
49130.4919793624	5257.574781748595	5257.574781748595
29995.59871759322	301584.7538619388	301584.7538619388
55103.46238059906	148938.72919683447	148938.72919683447
0.0	55302.65655971427	55302.65655971427
27538.760611077574	57576.748593219156	57576.748593219156
28901.889184498606	169474.32813161227	169474.32813161227
54588.03599089087	1116792.2970522644	1116792.2970522644
28333.57677226236	744095.8610331739	744095.8610331739
0.0	246111.58928208114	246111.58928208114
13578.619614542811	57071.51494460721	57071.51494460721
42301.17990689599	181083.11401018084	181083.11401018084
0.0	27242.16270257594	27242.16270257594
108525.07603364874	68769.69008670766	68769.69008670766
0.0	368317.9566642151	368317.9566642151
0.0	771950.3796527357	771950.3796527357
20756.993468570825	632286.1710254572	632286.1710254572
27273.02306568511	249471.2971056792	249471.2971056792
0.0	295957.9715422094	295957.9715422094
22940.39698699901	7931.215577142932	7931.215577142932
26384.531031474195	697073.202200485	697073.202200485
28580.72511248106	15223.419506993203	15223.419506993203
0.0	119195.21341993967	119195.21341993967
32150.65620917719	1712402.0108898883	1712402.0108898883
20167.121594538185	441041.0839562237	441041.0839562237
41047.91384915389	238365.04571375359	238365.04571375359
13877.8055871035	8950.982993758324	8950.982993758324
93133.2991914688	1093724.5789034877	1093724.5789034877
23442.414476355516	628038.4903828269	628038.4903828269
0.0	613738.8332698531	613738.8332698531
0.0	457371.35906776483	457371.35906776483
25201.620205844898	16755.65217594574	16755.65217594574
53515.073742069006	284539.2282134614	284539.2282134614
23003.94856682192	17601.59267001455	17601.59267001455
59777.83703334174	99252.58423543595	99252.58423543595
18588.90993420179	104297.15090850879	104297.15090850879
23594.981362804716	13116.348428571917	13116.348428571917
19354.51440342741	20692.146329042193	20692.146329042193
60263.0327044253	160532.12936523385	160532.12936523385
30578.50177336755	12444.498981590941	12444.498981590941
12985.54914055868	3820.0335585245507	3820.0335585245507
45578.462139694384	119859.56664290404	119859.56664290404
47618.650469414955	767575.0942630209	767575.0942630209
91802.57511541562	17605.51649720975	17605.51649720975
19340.321160428644	362069.5741120476	362069.5741120476
23004.217992712387	331795.2331691341	331795.2331691341
24338.243607106255	11861.465945943648	11861.465945943648
16889.41504043077	261057.3002519159	261057.3002519159
18335.083093682813	69144.65899274172	69144.65899274172
85283.44673480159	157793.98266340306	157793.98266340306
85736.37726519517	46328.25122921713	46328.25122921713
23488.298839118925	6362.835613102396	6362.835613102396
22971.969198540308	6838.6881043366175	6838.6881043366175
83361.96734233541	242537.81669428022	242537.81669428022
20477.90425311243	402196.21603379335	402196.21603379335
16096.61908398906	14039.893229724797	14039.893229724797
127227.24077848924	139127.23433025356	139127.23433025356
0.0	188425.26650850652	188425.26650850652
26894.953251704046	198492.5194422969	198492.5194422969
23391.271868713946	10821.102131282762	10821.102131282762
78846.8470670151	6712.04511246459	6712.04511246459
31366.03932729238	20031.04800861531	20031.04800861531
11500.775321138732	17866.05170406491	17866.05170406491
24671.967043980374	642799.2431653634	642799.2431653634
20738.47160881065	19940.197395563187	19940.197395563187
11370.461792551529	40978.35518715358	40978.35518715358
96605.77436747483	120775.36533409667	120775.36533409667
0.0	32272.217885819948	32272.217885819948
25132.181016737468	30947.19674082388	30947.19674082388
23899.296952951372	10572.84876478183	10572.84876478183
33066.729648563116	95803.12573297291	95803.12573297291
50011.441992034655	1301947.1081413405	1301947.1081413405
111654.69173539225	287794.4278235031	287794.4278235031
20819.221050796114	114373.84367710163	114373.84367710163
91148.51944947052	49317.069072694816	49317.069072694816
11262.622192930246	381445.9777026795	381445.9777026795
0.0	598454.3016667949	598454.3016667949
43547.66699108924	687610.5124680798	687610.5124680798
79160.86848424475	53394.50284731294	53394.50284731294
39561.718674811265	131303.6665417769	131303.6665417769
70711.81335069041	81321.4080346112	81321.4080346112
30658.689413912656	146027.36113082126	146027.36113082126
28454.944130781056	153802.54298182589	153802.54298182589
94201.52139960277	602140.8107854233	602140.8107854233
0.0	2259472.673214694	2259472.673214694
13244.433623790948	19033.42131848739	19033.42131848739
25623.08954220999	195225.21020384633	195225.21020384633
75122.69031385487	5767.920975593965	5767.920975593965
0.0	49620.65298292494	49620.65298292494
19398.054182343847	458985.3535559754	458985.3535559754
15574.14247011742	36210.73286296348	36210.73286296348
33864.26432406216	8457.357703882579	8457.357703882579
0.0	269762.2876220562	269762.2876220562
129799.85786321668	22710.42255406849	22710.42255406849
97300.58481542363	760129.1192029122	760129.1192029122
22800.166364827222	151848.49346157082	151848.49346157082
11661.798613954881	1022464.5928321909	1022464.5928321909
39504.479357842814	2289232.586489728	2289232.586489728
27958.885507112285	1339371.810255316	1339371.810255316
0.0	84576.33982961577	84576.33982961577
36745.56655989924	225566.2061009488	225566.2061009488
0.0	238707.69776594936	238707.69776594936
23353.27440690573	1643075.911220237	1643075.911220237
46185.19284185487	520917.30242165737	520917.30242165737
23929.412732583143	18241.300365061248	18241.300365061248
17056.34717710349	363320.8296944987	363320.8296944987
43568.41456162949	663799.541845643	663799.541845643
51167.11987249477	125774.3049165028	125774.3049165028
80960.1150242055	222618.6899328113	222618.6899328113
33803.72669837386	79841.97965841778	79841.97965841778
35926.078647567854	127463.99910868108	127463.99910868108
31167.701884349153	824576.1951574989	824576.1951574989
43772.061076714715	41317.47707027216	41317.47707027216
73028.44970369541	210823.65930796927	210823.65930796927
23591.445521545207	448857.58077209926	448857.58077209926
13954.038216764879	286634.722110567	286634.722110567
105071.37223247041	15808.62225459565	15808.62225459565
17416.95864709067	425178.3355759888	425178.3355759888
11685.391233214343	183602.70396556458	183602.70396556458
0.0	224179.09219385404	224179.09219385404
37005.272167724244	8987.803065226495	8987.803065226495
30549.794704001404	29249.191475290314	29249.191475290314
31775.204516369522	375914.55409588775	375914.55409588775
14291.916597287953	113307.53792655718	113307.53792655718
39660.08484235513	35465.130705620504	35465.130705620504
61521.189894687355	134474.52642278187	134474.52642278187
31956.297961761695	23106.647611347427	23106.647611347427
72012.10320121622	16575.454701631388	16575.454701631388
33523.00044218866	357230.8207228307	357230.8207228307
21289.995812692403	84709.48972362473	84709.48972362473
24001.321214496635	164804.49996287888	164804.49996287888
17194.70071464706	42822.24018137048	42822.24018137048
110340.8818186508	6936.139642186446	6936.139642186446
67811.62623329078	8997.602604742915	8997.602604742915
137708.77826369874	1082146.0139194138	1082146.0139194138
46600.19393734902	71331.99060966671	71331.99060966671
38247.74170341	1035210.517097746	1035210.517097746
26105.564260752017	32131.277654466023	32131.277654466023
81123.79141486733	401298.4688373983	401298.4688373983
14673.061295840664	48963.22873825707	48963.22873825707
14923.33162741703	69067.8896192653	69067.8896192653
0.0	223851.4245311209	223851.4245311209
12156.9766951671	78575.18481379373	78575.18481379373
15004.863507920374	595861.8666298975	595861.8666298975
50794.27650781327	189618.61807276393	189618.61807276393
0.0	246946.06440166652	246946.06440166652
41589.097839271075	163734.6137674899	163734.6137674899
50491.651691029634	104284.54490401135	104284.54490401135
88408.19915918366	114474.65516954155	114474.65516954155
9376.439442680192	1366542.6565821837	1366542.6565821837
0.0	653477.3087122886	653477.3087122886
56267.70739666251	24686.083262695764	24686.083262695764
30077.795340991834	1185718.6355544827	1185718.6355544827
0.0	62256.197513730316	62256.197513730316
82248.71896925993	9509.596716768687	9509.596716768687
38216.69990275316	19188.15294167613	19188.15294167613
83149.8888881829	147342.87687643964	147342.87687643964
24869.41248609147	53915.05234741854	53915.05234741854
12389.864895761417	47512.99716962395	47512.99716962395
41120.148865469644	49438.0914078548	49438.0914078548
39952.15018309849	50263.17641057122	50263.17641057122
15232.649752487192	153562.56732005725	153562.56732005725
10485.837085243813	312508.0413067165	312508.0413067165
26089.63216818036	10227.555597966937	10227.555597966937
0.0	7864.489765346427	7864.489765346427
35085.85860486594	21964.732815099476	21964.732815099476
100742.19073607425	21155.445992879173	21155.445992879173
77204.50630233722	853814.920116513	853814.920116513
22489.377961838	96210.62253863356	96210.62253863356
38059.1766416775	39295.307870865676	39295.307870865676
109729.8818095994	158422.61072624486	158422.61072624486
20099.048829763924	830135.0078752701	830135.0078752701
62564.867420537805	13906.8557752249	13906.8557752249
26312.372030380917	96037.527589892	96037.527589892
18219.601924407372	228316.34567081355	228316.34567081355
20360.878575386607	207582.87751164596	207582.87751164596
18102.1754027156	437947.84953119536	437947.84953119536
15895.249813071245	40869.35953732646	40869.35953732646
14681.423387977231	231154.132630107	231154.132630107
75285.6591531752	41073.46602367984	41073.46602367984
40565.57335191582	19656.71694619749	19656.71694619749
0.0	392663.9956979772	392663.9956979772
24521.029146958826	51449.82570703548	51449.82570703548
56889.31474833808	72430.74625710453	72430.74625710453
14308.157142122984	29981.969133904575	29981.969133904575
24190.107415973307	13015.570045928303	13015.570045928303
86549.8953805727	1239513.2574544295	1239513.2574544295
39064.60277951102	284094.84575470357	284094.84575470357
91960.67495242956	604778.0484546989	604778.0484546989
47885.97485044266	196786.8472568227	196786.8472568227
43987.59290246685	18566.043950317006	18566.043950317006
0.0	97009.87330610595	97009.87330610595
50499.271550496276	50465.182672232884	50465.182672232884
47827.726067629905	73939.76407918695	73939.76407918695
21205.81381092921	99813.0041841597	99813.0041841597
70378.70003019033	1208738.2549841201	1208738.2549841201
15671.010093814406	227785.24372533566	227785.24372533566
36400.98731421291	494206.44660460437	494206.44660460437
11137.581063597107	100410.86382606688	100410.86382606688
18951.133954861383	153526.04634275113	153526.04634275113
9641.002622537084	33704.46784501485	33704.46784501485
70813.8354915919	56136.444355089356	56136.444355089356
51178.62950059415	113744.10454416086	113744.10454416086
0.0	26971.50452268869	26971.50452268869
49505.10890044914	980903.8559826176	980903.8559826176
22847.64051890686	13328.511397563341	13328.511397563341
0.0	27390.734516140554	27390.734516140554
13883.164577553212	21479.63712049015	21479.63712049015
52975.50522371062	60545.25117214695	60545.25117214695
44749.58693121637	30018.90323458933	30018.90323458933
24604.139636721942	6447.817247336315	6447.817247336315
17800.570447029135	128598.55336631501	128598.55336631501
0.0	255150.00442662864	255150.00442662864
18600.096269044334	184898.22253783207	184898.22253783207
31364.412565565057	38093.75228960975	38093.75228960975
43614.34510615822	185856.21131464728	185856.21131464728
20091.801305949106	184019.4721553907	184019.4721553907
15365.697796923443	651803.3416970765	651803.3416970765
13212.394576610766	36036.14167057407	36036.14167057407
14050.217327023372	18806.29231438952	18806.29231438952
0.0	19408.22503389892	19408.22503389892
13866.14856219025	218865.4689052126	218865.4689052126
17265.876417299587	16038.125553361575	16038.125553361575
18352.083757196644	5867.085518641396	5867.085518641396
26425.24886026787	11307.999533132574	11307.999533132574
7304.668977930937	39441.68306953933	39441.68306953933
50185.76895163005	23159.99996115987	23159.99996115987
40987.40431292583	59702.995189427354	59702.995189427354
14551.109513784639	11667.872264585216	11667.872264585216
35383.61506356069	761924.2637433652	761924.2637433652
0.0	171007.50232919306	171007.50232919306
25928.593518616133	183036.30829305566	183036.30829305566
97021.75074151011	24870.30346490945	24870.30346490945
25297.035399735927	11820.181742761548	11820.181742761548
26821.603003424047	114945.66552348994	114945.66552348994
113903.45498815597	1325398.1365301856	1325398.1365301856
19591.278594191783	67584.33992499871	67584.33992499871
0.0	681099.9166872107	681099.9166872107
89235.72574668383	73126.17035646125	73126.17035646125
73007.37530964597	32921.7804817046	32921.7804817046
63052.19509019186	81686.94247105691	81686.94247105691
25156.35581826531	104305.58388019251	104305.58388019251
22718.715027025733	57117.12139257072	57117.12139257072
39339.20018141996	35500.34865497312	35500.34865497312
0.0	30077.95910099482	30077.95910099482
0.0	282191.0263175905	282191.0263175905
46585.12461277726	313101.67534666683	313101.67534666683
110810.71949827923	415947.9706650189	415947.9706650189
27890.858353081545	2649.972314863911	2649.972314863911
14098.101795026398	244806.06902836755	244806.06902836755
14079.498061587496	32985.67402657583	32985.67402657583
17955.767577129183	136149.46018520574	136149.46018520574
23250.533676853043	68146.85001189054	68146.85001189054
16026.146284789833	31921.293829972175	31921.293829972175
25793.34869519716	16730.502101213704	16730.502101213704
26517.662772827774	38239.51630437249	38239.51630437249
25436.294115283552	4206.7708088364025	4206.7708088364025
18104.60638806067	560491.635433633	560491.635433633
26348.803094975516	16611.71282090364	16611.71282090364
10784.348928544157	133346.0273478212	133346.0273478212
104834.33691564194	245935.97739167538	245935.97739167538
19325.676650110676	195284.62221935467	195284.62221935467
29997.391860386026	399310.02205568866	399310.02205568866
17552.188919564902	71924.33110349473	71924.33110349473
30317.644769632458	32045.07662717984	32045.07662717984
27415.31090563445	668470.7038311092	668470.7038311092
23555.519455943915	444621.84441603784	444621.84441603784
111859.63950134887	51747.1911915072	51747.1911915072
20269.194435745434	877396.2189813469	877396.2189813469
46188.22446533798	507730.2150504745	507730.2150504745
67628.82282259621	90609.16420583763	90609.16420583763
46745.60860319576	1701374.2975537963	1701374.2975537963
19617.68439364027	23490.35541971407	23490.35541971407
53697.3479571219	66921.66237071535	66921.66237071535
31193.270975960648	318508.57316957053	318508.57316957053
55997.12994290758	512539.5333567216	512539.5333567216
0.0	331306.2468349074	331306.2468349074
0.0	48175.50159064383	48175.50159064383
93977.23259759415	71996.71646552595	71996.71646552595
48502.934612940706	28226.061461466288	28226.061461466288
65376.505805997236	8192.337443503466	8192.337443503466
86609.7928738522	95511.25358234116	95511.25358234116
17141.35546121478	66270.33575977897	66270.33575977897
24842.729612048788	31106.18732737649	31106.18732737649
36720.863682389	724192.457809689	724192.457809689
32241.596639827785	85685.9034068237	85685.9034068237
43799.732875387584	13005.814084077378	13005.814084077378
27910.872859956067	231150.92912256677	231150.92912256677
36165.98960141891	43695.75815870285	43695.75815870285
18395.58231124836	145775.00995127994	145775.00995127994
61332.964355420765	22369.73305090818	22369.73305090818
24249.99920673818	74132.66741718164	74132.66741718164
13814.137441241506	22253.096139700483	22253.096139700483
46742.50794322969	213724.06486822103	213724.06486822103
23925.52578728182	932793.6254168942	932793.6254168942
13220.011968671122	12141.120334644134	12141.120334644134
29641.508349012816	274727.2855851695	274727.2855851695
